%YAML:1.0
---
myHogDector: !!opencv-object-detector-hog
   winSize: [ 64, 128 ]
   blockSize: [ 16, 16 ]
   blockStride: [ 8, 8 ]
   cellSize: [ 8, 8 ]
   nbins: 9
   derivAperture: 1
   winSigma: 4.
   histogramNormType: 0
   L2HysThreshold: 2.0000000000000001e-01
   gammaCorrection: 1
   nlevels: 64
   signedGradient: 0
   SVMDetector: [ 1.26070753e-02, -3.32172513e-02, -1.48217613e-02,
       1.39746191e-02, 9.59151983e-03, -2.88555343e-02, -1.99646782e-02,
       -4.81512537e-03, 4.70281914e-02, 4.63914089e-02, -9.47733317e-03,
       2.75229588e-02, 1.55854337e-02, 2.53620129e-02, 2.61929166e-02,
       3.58705572e-03, 8.57045036e-03, 1.78858079e-02, -1.83365121e-02,
       -7.24870060e-03, 2.61647720e-02, 4.59472463e-02, 5.75459749e-03,
       -7.03086331e-03, -3.91267650e-02, -4.77691963e-02,
       -1.49268680e-03, 1.19705852e-02, -1.27476742e-02, 2.05819383e-02,
       3.28831859e-02, -1.61725301e-02, 2.32192520e-02, -2.09387746e-02,
       -8.46801139e-03, 1.16895912e-02, 1.47600723e-02, -7.51816761e-03,
       2.88472995e-02, 1.00807818e-02, 2.22971793e-02, -1.40374135e-02,
       5.92645723e-03, -6.11326715e-04, 1.22444341e-02, 2.46321633e-02,
       1.50226185e-03, 3.40289995e-02, 1.16500780e-02, 9.39928833e-03,
       -2.46492624e-02, 3.72924306e-03, 1.28538888e-02, 1.01138260e-02,
       -5.41889167e-04, -7.55652692e-03, 5.17790904e-03, 4.38784482e-03,
       3.60106416e-02, 1.36774834e-02, -4.01897728e-03, 4.04192088e-03,
       1.80567447e-02, 2.23231502e-03, 1.47977145e-02, 1.43743763e-02,
       -2.06332211e-03, -2.26448383e-02, 2.98971892e-03, -9.00441501e-03,
       -1.17149679e-02, 1.97874550e-02, 1.68356504e-02, 1.84433756e-03,
       2.79167183e-02, 9.04013682e-03, 2.45843045e-02, 2.92984266e-02,
       3.01119294e-02, 2.91063581e-02, -1.21436007e-02, 2.44286656e-02,
       7.76009215e-03, 3.52324545e-02, 3.64852604e-03, 3.56994085e-02,
       4.00388651e-02, 4.22441363e-02, 3.03658824e-02, 4.33189534e-02,
       -8.21538735e-03, -4.64797718e-03, -7.10802618e-03, 4.91819857e-03,
       -1.00429477e-02, 2.18878146e-02, -3.52955190e-03, -3.18986899e-03,
       6.07406674e-03, 3.03198904e-04, -1.56104062e-02, -1.21925827e-02,
       -1.63425971e-02, -1.00750076e-02, -5.51536726e-03, 1.15069654e-02,
       5.82048856e-02, 4.98603238e-03, 3.78192030e-02, 2.44153589e-02,
       1.88936107e-02, -3.62871727e-03, 3.23327025e-03, 3.08745131e-02,
       2.39314884e-02, -7.31037557e-03, 1.73784085e-02, -2.80685835e-02,
       -1.70779638e-02, -1.57706067e-02, -4.07573581e-02,
       -1.80956703e-02, 1.16652790e-02, -9.51773021e-03, -1.98530443e-02,
       -6.11560373e-03, -1.27212959e-03, 3.33925150e-03, 1.60541218e-02,
       2.03887355e-02, -2.63389777e-02, 2.51077749e-02, 1.28723569e-02,
       4.96349148e-02, -6.44304964e-04, -5.53453267e-02, -3.86859588e-02,
       -3.22295837e-02, -1.89233888e-02, -2.90195290e-02, 3.87337171e-02,
       4.13172273e-03, -7.40315719e-03, -3.02998219e-02, -2.79401895e-02,
       3.86008760e-03, -3.19331535e-03, -8.15576466e-04, -6.71060150e-03,
       -2.44389381e-03, 2.33759116e-02, 8.36931262e-03, 6.28422899e-03,
       -1.14504704e-02, -3.48989815e-02, -3.35547850e-02, 3.94446822e-03,
       4.24021408e-02, 1.25254309e-02, -6.99013332e-03, -7.24776590e-04,
       -2.74562626e-03, 1.05378712e-02, 4.77932161e-03, -8.19176622e-03,
       3.80603969e-03, -2.83088506e-04, 1.06536681e-02, 2.58721095e-02,
       -5.89760486e-03, 1.15247974e-02, -4.58446257e-02, -4.80088405e-02,
       -4.54577766e-02, -2.12956909e-02, 1.37876638e-03, -1.41385347e-02,
       9.31043457e-03, -1.93124637e-02, -3.04606762e-02, -4.68000211e-03,
       -3.63859870e-02, -4.79322635e-02, -1.45793408e-02, 4.77344953e-02,
       1.81353055e-02, 1.09042609e-02, 7.06728967e-03, 1.47948344e-03,
       -1.94021105e-03, -2.58350149e-02, -2.00732891e-02,
       -9.99527331e-03, -1.79376937e-02, -2.82942988e-02,
       -2.31278744e-02, -7.13856798e-03, 2.06077807e-02, -1.82564631e-02,
       -3.63672636e-02, -5.68513721e-02, 1.02102524e-02, 3.27292867e-02,
       1.99975614e-02, 4.17087600e-03, 3.86036970e-02, -2.11589653e-02,
       -3.53784077e-02, 3.04524805e-02, -7.73393025e-04, 1.93753093e-02,
       1.89707372e-02, -8.67679622e-03, 1.27794389e-02, 3.57528888e-02,
       -2.63821315e-02, 1.72015522e-02, -1.03008039e-02, -8.04079790e-03,
       3.06350198e-02, 4.00723377e-03, -3.30103822e-02, -6.68054959e-03,
       5.88469114e-03, 2.41362490e-02, 4.12944565e-03, -1.43198865e-02,
       -5.39513044e-02, -7.38887116e-03, 1.47290947e-02, -3.52977887e-02,
       -4.64062318e-02, 6.05445914e-03, 1.44986995e-03, -4.51569678e-03,
       -1.41245062e-02, 3.04567325e-03, 5.13917804e-02, 1.31165152e-02,
       -3.07383258e-02, 1.53445872e-02, 2.51235589e-02, -4.61938616e-04,
       -1.51631692e-02, -1.78356674e-02, -3.52332406e-02,
       -2.48724483e-02, -1.94274839e-02, -2.06539389e-02,
       -1.44124413e-02, 7.39211170e-03, -6.42995303e-03, 1.12089177e-03,
       -3.77430674e-03, -1.96624137e-02, -2.53660535e-03, 3.83932069e-02,
       2.11813319e-02, -4.33138125e-02, 1.97305297e-03, -9.04350262e-03,
       -1.22866584e-02, -3.96127887e-02, -3.14411484e-02,
       -3.15739699e-02, -1.04414094e-02, 7.27370265e-04, -1.17424782e-02,
       2.43112538e-02, -1.44608216e-02, 1.71062052e-02, 1.81249771e-02,
       1.38643552e-02, 1.48402825e-02, 2.60447530e-04, 5.03751412e-02,
       2.69787423e-02, 1.72782559e-02, 1.41770970e-02, -1.40317883e-02,
       3.59676802e-03, 4.25338699e-03, 5.14035905e-03, -7.49477744e-03,
       6.48344820e-03, 3.05890348e-02, 1.61660351e-02, -3.07747200e-02,
       -3.11642736e-02, -6.77878037e-02, -3.56799886e-02,
       -3.10311979e-03, -2.76303086e-02, 1.02186641e-02, 4.89001302e-03,
       1.85863879e-02, -6.16282411e-03, -1.11243334e-02, -4.58043627e-02,
       -1.46794692e-02, 1.53612606e-02, -6.04061596e-03, 3.16131598e-04,
       -3.71019691e-02, -1.64589603e-02, -1.31989028e-02,
       -4.62201657e-03, -2.59207785e-02, 5.19456714e-03, 4.38960968e-03,
       -3.34748551e-02, 1.74287129e-02, 1.87689718e-02, 2.05761231e-02,
       1.54144336e-02, 8.09198420e-04, -1.38112428e-02, 2.45643705e-02,
       -1.24455718e-02, -5.76822599e-03, 7.13956309e-03, -1.34545257e-02,
       -8.46408308e-03, 2.42787097e-02, -1.13033596e-02, -1.68412458e-02,
       -2.64706071e-02, 1.68052521e-02, -1.46789532e-02, 3.80081264e-03,
       -5.67600317e-02, -1.16600432e-02, 1.91490725e-02, 1.76261552e-02,
       -1.62839927e-02, -6.53259754e-02, -3.41101140e-02,
       -5.06153144e-02, -1.17314989e-02, -2.89566815e-02,
       -2.10981723e-03, 9.18965414e-03, 1.27142966e-02, 1.67028718e-02,
       2.35114507e-02, 4.06592786e-02, 6.01341901e-03, 3.87494825e-02,
       -9.47324000e-03, 1.04273325e-02, 1.10938121e-02, -1.84207000e-02,
       -2.89749121e-03, -1.78450737e-02, 8.95941071e-03, -2.36376673e-02,
       1.71105489e-02, -1.65958218e-02, 1.05541917e-02, -4.94797248e-03,
       6.94434717e-03, -4.78615658e-03, -4.07213941e-02, -1.01622511e-02,
       3.81796760e-03, 4.60113958e-03, -1.77784357e-02, 6.45974604e-03,
       5.38140070e-03, -2.99092438e-02, -4.75933813e-02, -6.60844194e-03,
       1.41649442e-02, -4.37859893e-02, 1.60723329e-02, -4.27053124e-02,
       -1.03989411e-02, -1.34471618e-02, 1.14395348e-02, 2.57908031e-02,
       1.16280392e-02, 1.29370149e-02, 3.33533064e-02, 2.35701725e-02,
       -1.01139694e-02, 3.69407609e-02, 2.84316242e-02, 1.25741051e-03,
       2.01419257e-02, -2.79920845e-04, 4.02543619e-02, -9.25187673e-03,
       9.37422272e-03, -2.92427428e-02, 1.40349828e-02, 1.13262422e-02,
       -2.21503675e-02, -2.99805216e-02, -1.39726074e-02, 3.13139558e-02,
       -4.69620619e-03, 2.07167156e-02, -1.74599383e-02, 3.35275233e-02,
       9.06720106e-03, -3.44901755e-02, -2.58823112e-02, -3.27384584e-02,
       -2.97402255e-02, -2.38126330e-02, -2.35126801e-02,
       -5.18994331e-02, 1.26236398e-02, -5.32194553e-03, 1.15384925e-02,
