%YAML:1.0
---
myHogDector: !!opencv-object-detector-hog
   winSize: [ 64, 128 ]
   blockSize: [ 16, 16 ]
   blockStride: [ 8, 8 ]
   cellSize: [ 8, 8 ]
   nbins: 9
   derivAperture: 1
   winSigma: 4.
   histogramNormType: 0
   L2HysThreshold: 2.0000000000000001e-01
   gammaCorrection: 1
   nlevels: 64
   signedGradient: 0
   SVMDetector: [ 8.49310774e-03, -4.83263023e-02, -2.15731598e-02,
       -4.84976126e-03, 1.26817925e-02, -1.19209345e-02, 9.03828070e-03,
       -1.74076259e-02, 4.02540937e-02, 1.27140488e-02, -5.28909359e-03,
       9.04769637e-03, 3.26665584e-03, 1.01777259e-02, 9.99539159e-03,
       1.54093402e-02, 3.11919232e-03, 1.07346475e-02, 3.16845775e-02,
       -2.77524218e-02, -1.39053026e-02, 3.23166922e-02, 2.14041839e-03,
       5.34418365e-03, -1.29361134e-02, -3.55870798e-02, 1.23661980e-02,
       1.06747234e-02, 7.69098243e-03, 1.33597702e-02, 3.01659126e-02,
       -1.01933023e-02, 1.77813917e-02, 2.18490930e-03, -7.98187032e-03,
       -2.06422824e-02, 4.11598099e-04, -4.04406665e-03, -2.41326750e-04,
       2.13744435e-02, -3.97470663e-04, -1.37632368e-02, -1.50665836e-02,
       1.23565262e-02, 1.48838870e-02, 4.61537279e-02, 7.50721944e-03,
       2.73873564e-02, 4.00188081e-02, 1.14237657e-02, 2.37884745e-02,
       1.78013672e-03, 2.21610703e-02, 2.94727571e-02, -1.06065988e-03,
       6.62069023e-03, 8.55874363e-03, 1.44662801e-02, -1.86556224e-02,
       -8.31025001e-03, -2.08279490e-02, -4.45682090e-03,
       -2.23381743e-02, 2.31697410e-02, 5.23937726e-03, -1.24760941e-02,
       3.85065330e-03, -5.02900966e-03, 1.01413270e-02, -2.26251232e-05,
       -7.91037455e-03, 1.08571360e-02, 1.60225797e-02, 1.28328810e-02,
       2.30359491e-02, 1.21088885e-02, 1.18625527e-02, 7.72659807e-03,
       7.85851572e-03, 1.52145755e-02, -4.17006016e-03, 1.10179721e-03,
       6.17116399e-04, 9.44292359e-03, 2.80305714e-04, -9.83295031e-03,
       1.91204157e-02, 1.41126439e-02, 2.52050590e-02, 1.13711907e-02,
       6.15527947e-03, 1.43891927e-02, 8.19447357e-03, 1.06689506e-04,
       -7.02413963e-03, -4.12166771e-03, -1.58027234e-03, 1.59260947e-02,
       2.15662755e-02, 4.73508425e-03, 1.19527066e-02, 7.12751993e-04,
       7.52384681e-03, -5.23141734e-02, 4.38822753e-04, 2.45278180e-02,
       3.17005515e-02, 2.93584559e-02, -4.05184599e-03, 1.46865034e-02,
       3.62283364e-03, -2.36288570e-02, -9.47931316e-03, -3.14888381e-03,
       -6.19514612e-04, -1.26664741e-02, 3.64089996e-04, -2.34674336e-03,
       6.30085915e-03, -2.77724992e-02, -1.65851060e-02, 6.14010682e-03,
       1.67972967e-02, -1.36206802e-02, -1.07761519e-02, 7.79782189e-03,
       -1.12639805e-02, 2.16798838e-02, 1.30418772e-02, 4.65534814e-03,
       -1.17251184e-02, -8.93507898e-03, 9.36873537e-03, 1.48778018e-02,
       -9.69236530e-03, -2.58056354e-02, -1.00043183e-02,
       -1.68654248e-02, -8.39829072e-03, 1.13261864e-02, -1.02323117e-02,
       -8.44814535e-03, 9.92721692e-03, -2.47847009e-02, -1.64077152e-02,
       3.96152772e-03, -3.19236070e-02, 2.96106073e-03, 3.45910676e-02,
       3.40125896e-02, -1.11490702e-02, 5.52670704e-03, 7.91584607e-03,
       -2.65226215e-02, -1.26178367e-02, -2.49903053e-02,
       -1.37262885e-02, 3.65120545e-02, 3.98088619e-03, -2.52912920e-02,
       8.93434137e-03, -1.34775164e-02, 1.15276978e-03, 4.31332961e-02,
       -2.32402235e-02, 1.20925102e-02, 1.74241848e-02, 3.32909748e-02,
       1.32056111e-02, 3.58881876e-02, -7.14581460e-03, -1.99536737e-02,
       2.71424395e-03, -3.69684137e-02, -2.46846285e-02, 9.19613335e-03,
       1.59757528e-02, 6.16155053e-03, -1.08958902e-02, -3.69300395e-02,
       -1.84043385e-02, -1.48253813e-02, -2.21786741e-02, 4.75912401e-03,
       3.19120102e-02, 9.29608475e-03, -2.28531845e-02, 1.90758221e-02,
       4.35612584e-03, -1.41880158e-02, -7.38391327e-03, -3.79512087e-02,
       -1.48985181e-02, 1.33116813e-02, -3.41618136e-02, -1.19123338e-02,
       9.72373970e-03, 6.35348912e-03, 3.54633317e-03, 2.30589695e-03,
       -1.06113385e-02, 1.44256689e-02, 2.50509810e-02, 3.68532911e-02,
       -1.61385257e-02, 1.65175926e-02, -3.46996635e-02, -1.36323301e-02,
       1.61762573e-02, -1.54994372e-02, -2.23960988e-02, -2.59654634e-02,
       -5.79877719e-02, -3.44669335e-02, 4.61672340e-03, -7.04333186e-03,
       -7.50175025e-03, 1.88953970e-02, -1.91099327e-02, 1.25181265e-02,
       7.89114926e-03, -1.68297328e-02, -2.96983705e-03, 3.31041925e-02,
       3.45363393e-02, -2.57290676e-02, -2.25659087e-02, -2.88416967e-02,
       -7.69872544e-03, 2.21990398e-03, -2.55875867e-02, -1.29600866e-02,
       3.88327353e-02, -7.09965033e-03, -7.23124575e-03, 2.08638348e-02,
       -1.97705626e-03, 4.63838801e-02, 1.07076773e-02, -2.53469776e-03,
       -9.13020503e-03, 2.48444658e-02, 1.19563583e-02, -2.21492741e-02,
       9.35157237e-04, -1.51659204e-02, -1.04869194e-02, -1.17914816e-02,
       -1.86924096e-02, -3.36913206e-02, 2.68782931e-03, -3.66453081e-02,
       8.79159605e-04, -4.19877091e-04, -2.32501887e-02, 1.82991028e-02,
       2.29526181e-02, 1.58644542e-02, -1.20258925e-03, 1.79210827e-02,
       -1.13194278e-02, -3.29048112e-02, -1.22029521e-02,
       -2.10399013e-02, -1.61175616e-02, -1.67018306e-02,
       -1.38365896e-02, -4.32179682e-02, 2.28760131e-02, -1.55115891e-02,
       1.85396597e-02, 3.50888148e-02, 9.25910287e-03, 7.99646508e-03,
       -1.49444188e-03, -3.69383185e-03, -3.08719855e-02, 1.85617320e-02,
       2.17065606e-02, -1.91961210e-02, -7.12634996e-03, -8.07550550e-03,
       1.70353008e-03, -1.27539858e-02, -5.70210814e-03, -2.34475769e-02,
       3.26220058e-02, 1.41996390e-03, -1.27847996e-02, -1.79523986e-03,
       2.21312400e-02, -9.43437777e-03, -1.52539173e-02, -1.00012003e-02,
       -2.15144530e-02, 2.57186685e-02, 1.85389388e-02, 3.69649334e-03,
       -1.09830461e-02, -1.17567601e-02, -1.90387256e-02, 5.14355605e-04,
       -5.57970628e-03, -1.53382756e-02, 6.38866471e-03, -1.34575916e-02,
       1.28740706e-02, -2.54599489e-02, 1.96005795e-02, -6.50586886e-03,
       -1.59857962e-02, 1.15993246e-02, -1.14356847e-02, 3.48498486e-02,
       2.93201692e-02, -1.50965564e-02, 1.24122640e-02, -2.45712721e-03,
       -1.72737904e-03, -1.62228718e-02, -1.62098017e-02,
       -9.76181589e-03, -4.48550750e-03, -2.65713707e-02, 1.11266458e-02,
       -1.97290163e-02, -1.73724927e-02, 6.73353625e-03, 2.53130245e-04,
       -3.81336338e-03, -6.90937508e-03, -1.42187895e-02, 2.63968017e-02,
       -6.49572583e-03, -2.73609236e-02, -5.34548722e-02,
       -3.15523855e-02, 5.48437145e-03, 7.67886825e-03, -8.94220453e-03,
       -2.39777081e-02, 2.05970388e-02, 1.15585718e-02, 2.58144904e-02,
       1.04269488e-02, 3.91320512e-02, 1.55902356e-02, 5.98330400e-04,
       5.69530996e-03, -2.55149323e-03, -1.84328761e-02, -2.45178062e-02,
       5.12014842e-04, -1.44100310e-02, 9.50807706e-03, -3.04958206e-02,
       -6.58671779e-04, 7.65792653e-03, 1.39259985e-02, -1.92727428e-02,
       -1.35183067e-03, 7.24285515e-03, -2.57442333e-02, -1.17328402e-03,
       6.30548969e-03, 3.60837509e-03, -3.01684681e-02, -2.53718141e-02,
       3.06572928e-03, -4.14243229e-02, 8.48682877e-03, -1.38608795e-02,
       3.89760733e-03, -1.92174502e-02, -2.21240595e-02, -1.69603061e-02,
       4.81704529e-03, -1.17612332e-02, -6.64637145e-03, 8.74247518e-04,
       4.44669742e-03, 7.27539510e-03, 7.46055832e-03, 2.76057031e-02,
       -7.65285949e-05, 2.21205037e-02, -2.93959165e-03, -1.58267636e-02,
       2.04056557e-02, -8.06942955e-03, 1.64245460e-02, -5.70334960e-03,
       -1.12150582e-02, -6.34645252e-03, 3.51552516e-02, -2.19610315e-02,
       -3.93625796e-02, 9.10561532e-03, 4.06343228e-04, -1.37959970e-02,
       -2.07706932e-02, -2.29198672e-03, -1.95784513e-02, 1.03092110e-02,
       2.21245131e-03, -2.20433585e-02, 2.59976159e-03, -4.80932519e-02,
       -5.19037321e-02, -2.07852498e-02, -7.41926348e-03,
       -4.74278741e-02, -1.69418771e-02, -2.29049623e-02,
       -3.92083370e-04, 2.45912373e-02, -1.85002573e-02, -5.97463222e-03,
